vanilla: 0.005320739677415892 ,unif: 0.0014354690378399482, opt: 0.00041380193354254025
dual: 0.0006591693708928592 , naive: 0.005636093320567442
