vanilla: 0.0009099207818508148 ,unif: 0.0001430269330739975, opt: -0.0005307234823703766
dual: 0.00015168264508247375 ,naive: 0.00012218765914440155
