vanilla: 0.003418304909710429 ,unif: 0.0013066317150844178, opt: 0.0004620182056082403
dual: 0.001618938484255615 ,naive: 0.0013147073285507196
