vanilla: 0.003451711528849849 ,unif: 0.002214175927210099, opt: 0.0013195923820336353
dual: 0.006203218348971612 ,naive: 0.002506372061320372
