vanilla: 0.004024970944751259 ,unif: 0.0007067594126596091, opt: 0.00014645434263170498
dual: 0.0007844771740932385 ,naive: 0.0007101730553663518
