vanilla: 0.0002990076708069278 ,unif: 0.0002494602047216077, opt: -1.6339512306506876e-06
dual: 0.00014889860427702573 ,naive: 0.0004182279826920876
