vanilla: 0.0011492399344457394 ,unif: 0.0009786738437689568, opt: 2.66022086477663e-05
dual: 0.0001983437051658321 , naive: 0.0009969005682238796
