vanilla: 0.004411355119737802 ,unif: 0.0022486755392626054, opt: 0.00015081683685402164
dual: 0.0022278921331317578 ,naive: 0.0025923819727024996
