vanilla: 0.0007284709532970751 ,unif: 0.0011744013652878055, opt: 0.0002311124859958255
dual: 0.0009282540563130826 ,naive: 0.0011939318594120785
