vanilla: 0.0007706752416447304 ,unif: 0.0004640778279450808, opt: -0.00020921658348321825
dual: 0.0004770901472903877 ,naive: 0.0011358756531160419
