vanilla: 0.004133227430721115 ,unif: 0.001555604606100422, opt: 0.0004250851546378914
dual: 0.0006339058027738237 ,naive: 0.0012101843061026046
