vanilla: 0.002899268149334125 ,unif: 0.0003073363152899661, opt: 9.38972434761931e-05
dual: 0.0005790563921722752 ,naive: 0.00029806205157251187
