vanilla: 0.0024066921279979094 ,unif: 0.002882834806218971, opt: 0.0008202834456307283
dual: 0.00180938499048457 ,naive: 0.003486093742776381
