vanilla: 0.0048015169015943535 ,unif: 0.001247632650986416, opt: 0.0004208430810823567
dual: 0.001239677303737613 ,naive: 0.001309407399399217
