vanilla: 0.0019960375502705574 ,unif: 0.0011751577258110046, opt: 0.0005722846835851669
dual: 0.0011109616607427597 ,naive: 0.0013037603348493576
