vanilla: 0.003628317266702652 ,unif: 0.00808170810341835, opt: 0.003422711044549942
dual: 0.005144231021404266 ,naive: 0.007735077291727066
