vanilla: 0.003470740618322532 ,unif: 0.001451861574158969, opt: 0.0004747854751590702
dual: 0.0012853086804193448 ,naive: 0.0012341399173670525
