vanilla: 0.006099289391009732 ,unif: 0.0013659058526857004, opt: 0.00027092530557917827
dual: 0.0013686942249949707 ,naive: 0.0016590543841983885
